1.512226802113936230e-11
-2.322100844942553977e-14
-4.985144241853589619e-12
-1.097043636488770346e-11
-1.728517936422369061e-11
-1.559024263853014958e-11
-1.188626974624185095e-11
-5.227555888165369424e-11
3.981669161046141880e-12
1.998979107242782050e-11
2.786784691899413247e-11
4.607038275178387821e-11
4.933818284480473437e-11
3.756617239503157180e-11
7.681893662847549820e-11
-2.255476014290103137e-11
-3.425094582953924771e-11
-1.546249586703574153e-11
-2.795655894283211040e-11
-4.835645859430082183e-11
-6.065653535003434627e-11
-7.196547004151288007e-11
4.858255811535094892e-11
4.066936371005525075e-11
-2.890820222090084712e-11
-4.126537870088875515e-11
4.218852264065153790e-12
6.558778520293628844e-11
5.073341790076679736e-11
-6.274969281162834367e-11
-3.761741504230975419e-11
6.574898546614360573e-11
1.004642757873597247e-10
4.122691077412810046e-11
-5.567635241732205031e-11
-2.505268215102773866e-11
4.713865517542992212e-11
2.367580523993106922e-11
-5.742368136985726013e-11
-8.960405334379473175e-11
-4.531743036384483503e-11
3.283884275617765525e-11
4.526282126882108514e-12
-1.268832261480667967e-11
-5.014474946385405474e-12
1.753314160524155341e-11
2.731292969571086360e-11
1.581584863075136127e-11
-7.272404900504625402e-12
